
------- CUDA Merge sorting, unsorted array, benchmark N100_0-------
 27489441 31379892 16018121 74913 4812879 23825002 6790939 10909694 12083095 15107482 15671451 28041088 12893409 6622582 19198747 23725019 31296859 27127631 1350149 30121908 2374038 2639903 30285110 6899593 14549854 7255683 26089289 15969628 21971679 31264257 16560975 1926289 2105718 17375812 1777377 25694898 26755697 28208969 745344 26498601 14351765 3585430 12716305 19542521 30846169 5262249 13333453 22630578 3966135 13932247 30836991 23885002 23327995 21004508 15927059 7883079 33492924 18395215 7853551 15711606 13395750 5612482 1616848 4710987 8267702 16317579 5250495 11208024 2237634 14252162 28184769 11842998 12230776 87636 20284200 32923558 24547981 10186192 14507235 7412248 9540637 13040651 17742356 4905155 26500433 2341956 19346483 9114603 9754455 361002 29525252 7270647 21002283 766169 10350791 12320121 8935227 33296442 1475500 18873588
------- Merge-sorted elements-------
 0 74913 87636 361002 745344 766169 1350149 1475500 1616848 1777377 1926289 2105718 2237634 2341956 2374038 2639903 3585430 3966135 4710987 4812879 4905155 5250495 5262249 5612482 6622582 6790939 6899593 7255683 7270647 7412248 7853551 7883079 8267702 8935227 9114603 9540637 9754455 10186192 10350791 10909694 11208024 11842998 12083095 12230776 12320121 12716305 12893409 13040651 13333453 13395750 13932247 14252162 14351765 14507235 14549854 15107482 15671451 15711606 15927059 15969628 16018121 16317579 16560975 17375812 17742356 18395215 18873588 19198747 19346483 19542521 20284200 21002283 21004508 21971679 22630578 23327995 23725019 23825002 23885002 24547981 25694898 26089289 26498601 26500433 26755697 27127631 27489441 28041088 28184769 28208969 29525252 30121908 30285110 30836991 30846169 31264257 31296859 31379892 32923558 33296442
Test PASSED
Elapsed time: 0

------- CUDA Merge sorting, unsorted array, benchmark N100_1-------
 670913 9573166 23552365 15235608 23835961 11308718 1477988 21242128 33300502 30466803 6555130 26604450 30766404 30188096 30163053 6010935 29446892 25697865 652670 17677502 25846840 24523816 3046145 16751785 967642 19413712 16613393 15943761 6060942 30528715 15629138 2456265 1655829 10687633 1264067 13263851 13251613 22754003 8883196 13714634 32632099 16555600 7085867 17204342 3061840 12697837 33509326 27893115 11909209 18062460 25172405 23174909 32804613 27764424 168600 29369741 30609540 23754865 7012978 19901483 4007402 8251571 6234558 26508420 23213745 17242006 27573801 27133541 4696309 19131941 1433507 25444780 21958094 21527651 17773249 14908047 781418 18392816 15500687 17596579 5889564 15428821 8972689 23631401 14426187 5476190 13829999 29047057 16785937 30222316 25206366 18743537 18565014 32876972 9927481 24786453 30447997 12047728 30269215 25221916
------- Merge-sorted elements-------
 168600 652670 670913 781418 967642 1264067 1433507 1477988 1655829 2456265 3046145 3061840 4007402 4696309 5476190 5889564 6010935 6060942 6234558 6555130 7012978 7085867 8251571 8883196 8972689 9573166 9927481 10687633 11308718 11909209 12047728 12697837 13251613 13263851 13714634 13829999 14426187 14908047 15235608 15428821 15500687 15629138 15943761 16555600 16613393 16751785 16785937 17204342 17242006 17596579 17677502 17773249 18062460 18392816 18565014 18743537 19131941 19413712 19901483 21242128 21527651 21958094 22754003 23174909 23213745 23552365 23631401 23754865 23835961 24523816 24786453 25172405 25206366 25221916 25444780 25697865 25846840 26508420 26604450 27133541 27573801 27764424 27893115 29047057 29369741 29446892 30163053 30188096 30222316 30269215 30447997 30466803 30528715 30609540 30766404 32632099 32804613 32876972 33300502 33492924
Test PASSED
Elapsed time: 0

------- CUDA Merge sorting, unsorted array, benchmark N100_2-------
 14877625 28518498 15893018 29910976 13017702 17970624 14517898 563601 18478306 32293895 23927385 7787236 15077799 11211370 849455 11579097 31146150 26628531 33483027 3246610 12463973 21783466 26485681 27047926 12783670 27980240 620184 12620240 8828037 25217254 4820445 32802638 3073166 7462895 31564370 18101671 14940655 7612746 20152839 29647073 1716249 31385627 21559020 31503659 21769954 13618301 8885537 22809899 8424628 4750528 10544680 13283410 4805473 17038007 20937882 31051268 9266269 16161951 18516753 4180413 27418143 22890940 16625700 26956274 5415171 13032401 29167046 4425824 31746475 21576204 19213972 10547157 17659119 20180906 26173349 25138593 13367632 8637186 30790130 20915198 11994512 1090337 9480280 17568754 31054493 31499044 5783763 33092246 29196570 29185715 32892762 18590558 1296682 18400857 6523238 7364578 16228555 7344373 22551825 19242702
------- Merge-sorted elements-------
 563601 620184 849455 1090337 1296682 1716249 3073166 3246610 4180413 4425824 4750528 4805473 4820445 5415171 5783763 6523238 7344373 7364578 7462895 7612746 7787236 8424628 8637186 8828037 8885537 9266269 9480280 10544680 10547157 11211370 11579097 11994512 12463973 12620240 12783670 13017702 13032401 13283410 13367632 13618301 14517898 14877625 14940655 15077799 15893018 16161951 16228555 16625700 17038007 17568754 17659119 17970624 18101671 18400857 18478306 18516753 18590558 19213972 19242702 20152839 20180906 20915198 20937882 21559020 21576204 21769954 21783466 22551825 22809899 22890940 23927385 25138593 25217254 26173349 26485681 26628531 26956274 27047926 27418143 27980240 28518498 29167046 29185715 29196570 29647073 29910976 30790130 31051268 31054493 31146150 31385627 31499044 31503659 31564370 31746475 32293895 32802638 32892762 33092246 33483027
Test PASSED
Elapsed time: 0

------- CUDA Merge sorting, unsorted array, benchmark N100_3-------
 28642499 28817568 2551097 21316268 20983306 33011678 363808 3095053 13548559 3889593 33078151 9923463 21556903 13856293 6982983 13506105 14992499 19763051 406453 13856053 17570876 10991692 18531839 21944153 11575223 6177093 6549791 27634864 6239792 23027466 11577363 10103735 15340636 26192031 20741847 23440744 26233912 517138 18543995 13931296 23328366 30919804 26309727 5620305 16764638 5937541 15254473 25029235 31780372 15008680 6653775 33471308 9496863 5498105 1942357 4476960 25009284 20623789 18285643 13202971 23717939 23438161 26971279 680178 6559202 14077478 5853461 27074030 19818218 28801745 31686161 12135703 27097599 24993993 1688351 17281383 11549655 16879353 13767779 16036771 4461166 6643751 19569318 1618743 2126518 19087759 15494625 25143671 1599455 23351834 1602346 19479525 11445758 8216810 925835 8974714 19026998 13129892 10652417 1194489
------- Merge-sorted elements-------
 363808 406453 517138 680178 925835 1194489 1599455 1602346 1618743 1688351 1942357 2126518 2551097 3095053 3889593 4461166 4476960 5498105 5620305 5853461 5937541 6177093 6239792 6549791 6559202 6643751 6653775 6982983 8216810 8974714 9496863 9923463 10103735 10652417 10991692 11445758 11549655 11575223 11577363 12135703 13129892 13202971 13506105 13548559 13767779 13856053 13856293 13931296 14077478 14992499 15008680 15254473 15340636 15494625 16036771 16764638 16879353 17281383 17570876 18285643 18531839 18543995 19026998 19087759 19479525 19569318 19763051 19818218 20623789 20741847 20983306 21316268 21556903 21944153 23027466 23328366 23351834 23438161 23440744 23717939 24993993 25009284 25029235 25143671 26192031 26233912 26309727 26971279 27074030 27097599 27634864 28642499 28801745 28817568 30919804 31686161 31780372 33011678 33078151 33471308
Test PASSED
Elapsed time: 0

------- CUDA Merge sorting, unsorted array, benchmark N100_4-------
 2648748 31916334 9642024 5581362 17293959 3836590 32703065 15581473 25458016 22984258 1221392 11723355 3844351 25167247 1924462 21992868 27441599 18935879 32267034 17638946 28937112 14997130 3510056 16432860 13719966 32359537 4162321 20064017 22892430 17568758 3813886 28817524 11050614 14318006 26599606 4426229 6955816 9088883 22912216 26879871 24525744 21063167 22212235 28567812 104410 5545954 7096783 31256294 30839616 22091428 11581115 8803349 23092379 3849578 18663650 29605830 21595490 10789116 9289742 4205396 27024153 7716268 13907482 16465860 1903788 25095782 30853221 18064468 22385718 22042925 10844508 26390139 29858808 5514674 15333525 9847638 32816367 32005178 8817416 4758366 20249505 9856317 26528364 14622263 24035242 10881046 10944689 11765971 11821273 14416367 25266122 20344317 24267552 31000899 28039176 28371702 9791807 28690460 12349712 18171255
------- Merge-sorted elements-------
 104410 1221392 1903788 1924462 2648748 3510056 3813886 3836590 3844351 3849578 4162321 4205396 4426229 4758366 5514674 5545954 5581362 6955816 7096783 7716268 8803349 8817416 9088883 9289742 9642024 9791807 9847638 9856317 10789116 10844508 10881046 10944689 11050614 11581115 11723355 11765971 11821273 12349712 13719966 13907482 14318006 14416367 14622263 14997130 15333525 15581473 16432860 16465860 17293959 17568758 17638946 18064468 18171255 18663650 18935879 20064017 20249505 20344317 21063167 21595490 21992868 22042925 22091428 22212235 22385718 22892430 22912216 22984258 23092379 24035242 24267552 24525744 25095782 25167247 25266122 25458016 26390139 26528364 26599606 26879871 27024153 27441599 28039176 28371702 28567812 28690460 28817524 28937112 29605830 29858808 30839616 30853221 31000899 31256294 31916334 32005178 32267034 32359537 32703065 32816367
Test PASSED
Elapsed time: 0

------- CUDA Merge sorting, unsorted array, benchmark N100_5-------
 31018787 17140683 5690722 25546361 15511311 14288072 8296698 2262401 17506075 23282715 22245704 15148624 16341931 30306138 19568516 33161063 21987932 23558007 21045089 25639807 13936086 8632204 24432587 19357064 27952568 4657668 6496582 25116637 26612327 269569 1321050 17571095 24803113 15449523 15727426 5648 13959602 32152083 24649245 14648147 16220053 14962559 22766919 21654231 32528024 2996936 481134 28334238 27828617 28407299 29590753 29228286 20201959 32111913 14958807 6917107 29473812 21966166 22224694 8546539 4472009 10507243 20172070 1724876 6991210 33297598 12674524 17848490 3716708 16402604 5543 20697256 2898291 26690459 17560173 33427211 32795769 26691047 24199622 33022730 14908165 3371555 3680129 25816405 18163197 21603301 22917104 27426242 4715034 9297235 5089269 18622184 17341727 29637813 2332912 5770609 9025050 1625644 25238217 6182938
------- Merge-sorted elements-------
 5543 5648 269569 481134 1321050 1625644 1724876 2262401 2332912 2898291 2996936 3371555 3680129 3716708 4472009 4657668 4715034 5089269 5690722 5770609 6182938 6496582 6917107 6991210 8296698 8546539 8632204 9025050 9297235 10507243 12674524 13936086 13959602 14288072 14648147 14908165 14958807 14962559 15148624 15449523 15511311 15727426 16220053 16341931 16402604 17140683 17341727 17506075 17560173 17571095 17848490 18163197 18622184 19357064 19568516 20172070 20201959 20697256 21045089 21603301 21654231 21966166 21987932 22224694 22245704 22766919 22917104 23282715 23558007 24199622 24432587 24649245 24803113 25116637 25238217 25546361 25639807 25816405 26612327 26690459 26691047 27426242 27828617 27952568 28334238 28407299 29228286 29473812 29590753 29637813 30306138 31018787 32111913 32152083 32528024 32795769 33022730 33161063 33297598 33427211
Test PASSED
Elapsed time: 0

------- CUDA Merge sorting, unsorted array, benchmark N100_6-------
 27255321 28683029 6599221 33481600 31734746 25387302 3655027 9478443 25871733 9056450 2014732 704832 15918943 4121954 24528235 23239344 21849650 20547593 32897929 29044222 16733897 26935735 10560340 28775744 11367747 23634749 24009582 19302140 3752370 26512170 2853511 4464989 13100531 5334993 10861617 8902027 15237416 26291744 10671926 27821753 8113014 16045760 32741485 6004386 724956 29329842 9583976 3421136 23565772 27650999 25408124 10395757 1945091 1741898 27095357 32671612 28217297 20571452 7227814 25240803 17777299 31373185 13881713 31850245 11689488 31629269 11968619 20052192 4159426 13155167 1227614 32699375 14855035 25455037 25384001 9451352 968864 19114574 3779361 6466387 28100838 24641821 32967517 19014682 21140423 26153139 26974734 20228054 31430278 13736183 13496893 17924937 2409464 9368246 7333853 8205723 17952418 12611705 28085844 31451398
------- Merge-sorted elements-------
 704832 724956 968864 1227614 1741898 1945091 2014732 2409464 2853511 3421136 3655027 3752370 3779361 4121954 4159426 4464989 5334993 6004386 6466387 6599221 7227814 7333853 8113014 8205723 8902027 9056450 9368246 9451352 9478443 9583976 10395757 10560340 10671926 10861617 11367747 11689488 11968619 12611705 13100531 13155167 13496893 13736183 13881713 14855035 15237416 15918943 16045760 16733897 17777299 17924937 17952418 19014682 19114574 19302140 20052192 20228054 20547593 20571452 21140423 21849650 23239344 23565772 23634749 24009582 24528235 24641821 25240803 25384001 25387302 25408124 25455037 25871733 26153139 26291744 26512170 26935735 26974734 27095357 27255321 27650999 27821753 28085844 28100838 28217297 28683029 28775744 29044222 29329842 31373185 31430278 31451398 31629269 31734746 31850245 32671612 32699375 32741485 32897929 32967517 33481600
Test PASSED
Elapsed time: 0

------- CUDA Merge sorting, unsorted array, benchmark N100_7-------
 5781290 23498910 17483286 6878868 9351661 17486193 26679589 7962190 15993979 26515890 16904791 14746251 11806847 19374278 22406246 8771049 32559143 30737898 33175852 31482518 8337111 7897860 153613 26460250 14869936 15139633 6155462 17536106 5702386 3330496 9736359 28663676 32540970 25194587 14322677 22538058 18649194 32564899 25024203 29623783 5368729 22908439 1747983 18961714 20506903 14123158 11012475 3329871 13784128 75307 21217572 2677822 12031143 18505835 29417239 21238504 12624248 24491381 30455836 15401007 7830727 1989535 18931383 8823740 8893974 17717318 28463162 7147798 19194206 18329880 7768625 23766943 30922496 4554601 20999806 7280473 14108849 14136055 13225637 29679705 24195012 9276357 28401213 12959500 28287938 15174650 17914658 20404910 22340708 31585732 10506373 18957834 6174732 31905366 4818459 9489427 33504148 298897 11923654 18371774
------- Merge-sorted elements-------
 75307 153613 298897 1747983 1989535 2677822 3329871 3330496 4554601 4818459 5368729 5702386 5781290 6155462 6174732 6878868 7147798 7280473 7768625 7830727 7897860 7962190 8337111 8771049 8823740 8893974 9276357 9351661 9489427 9736359 10506373 11012475 11806847 11923654 12031143 12624248 12959500 13225637 13784128 14108849 14123158 14136055 14322677 14746251 14869936 15139633 15174650 15401007 15993979 16904791 17483286 17486193 17536106 17717318 17914658 18329880 18371774 18505835 18649194 18931383 18957834 18961714 19194206 19374278 20404910 20506903 20999806 21217572 21238504 22340708 22406246 22538058 22908439 23498910 23766943 24195012 24491381 25024203 25194587 26460250 26515890 26679589 28287938 28401213 28463162 28663676 29417239 29623783 29679705 30455836 30737898 30922496 31482518 31585732 31905366 32540970 32559143 32564899 33175852 33504148
Test PASSED
Elapsed time: 0

------- CUDA Merge sorting, unsorted array, benchmark N100_8-------
 19441077 20396462 9581184 25096680 31041257 477226 2074612 2345816 30265661 6562990 25434101 14989720 20358335 1040134 13314874 12749374 31460916 20198464 24116899 32413671 17913382 7712695 27024385 26636803 4779691 8869234 8716332 29975346 27242976 16726628 15550921 764631 11031270 1823671 8369170 17298085 3692230 11998391 13907980 32669527 10471684 23382494 24155244 14149630 328158 3947207 28232079 21998502 30948389 30233970 2584710 21209783 13911080 14669603 25328864 4801429 30350856 25862672 5171678 7540374 7869017 217707 19183028 20034395 7016300 20586896 33345793 1485412 14877017 11381760 23131484 1223544 20347566 29396185 24208235 28017496 894923 32624409 25031208 20782266 10784970 33227409 27451518 11619099 9046370 13579167 1820005 2251074 1976505 15195875 13121419 6174681 2972879 31676567 19862164 23347498 2414617 6790111 14891393 3181486
------- Merge-sorted elements-------
 217707 328158 477226 764631 894923 1040134 1223544 1485412 1820005 1823671 1976505 2074612 2251074 2345816 2414617 2584710 2972879 3181486 3692230 3947207 4779691 4801429 5171678 6174681 6562990 6790111 7016300 7540374 7712695 7869017 8369170 8716332 8869234 9046370 9581184 10471684 10784970 11031270 11381760 11619099 11998391 12749374 13121419 13314874 13579167 13907980 13911080 14149630 14669603 14877017 14891393 14989720 15195875 15550921 16726628 17298085 17913382 19183028 19441077 19862164 20034395 20198464 20347566 20358335 20396462 20586896 20782266 21209783 21998502 23131484 23347498 23382494 24116899 24155244 24208235 25031208 25096680 25328864 25434101 25862672 26636803 27024385 27242976 27451518 28017496 28232079 29396185 29975346 30233970 30265661 30350856 30948389 31041257 31460916 31676567 32413671 32624409 32669527 33227409 33345793
Test PASSED
Elapsed time: 0

------- CUDA Merge sorting, unsorted array, benchmark N100_9-------
 31068111 1600046 29104698 5165511 21619491 23835027 22474309 11392644 11888095 16365885 1573873 8875958 5649121 13927211 3585453 14891693 8588405 21969584 25333836 11887259 4168526 7031993 10417255 10852206 14071662 18351170 13262644 18772341 2707907 16846288 6949011 24000373 18792165 16427541 26710061 8834638 29881914 1980560 3139660 10330192 21051691 14733336 19919904 475532 2763520 31206736 13112928 1375616 33110356 8911988 32537387 5464563 27186923 30740777 11640604 9282958 17110275 19396710 32499800 17505896 14525620 16805994 25884017 18063029 22634491 17353372 10113292 7243344 11085041 21281320 9209271 11027541 6486525 10250758 18694707 24617445 26558101 15215669 15910971 30477019 4650510 22783735 28481864 10907020 30752362 29201311 10794090 20842210 22439834 17636969 28998317 29361733 33415412 26677935 19651120 8255308 3628877 16170742 6124088 31995632
------- Merge-sorted elements-------
 475532 1375616 1573873 1600046 1980560 2707907 2763520 3139660 3585453 3628877 4168526 4650510 5165511 5464563 5649121 6124088 6486525 6949011 7031993 7243344 8255308 8588405 8834638 8875958 8911988 9209271 9282958 10113292 10250758 10330192 10417255 10794090 10852206 10907020 11027541 11085041 11392644 11640604 11887259 11888095 13112928 13262644 13927211 14071662 14525620 14733336 14891693 15215669 15910971 16170742 16365885 16427541 16805994 16846288 17110275 17353372 17505896 17636969 18063029 18351170 18694707 18772341 18792165 19396710 19651120 19919904 20842210 21051691 21281320 21619491 21969584 22439834 22474309 22634491 22783735 23835027 24000373 24617445 25333836 25884017 26558101 26677935 26710061 27186923 28481864 28998317 29104698 29201311 29361733 29881914 30477019 30740777 30752362 31068111 31206736 31995632 32499800 32537387 33110356 33415412
Test PASSED
Elapsed time: 0
